-20393910.000000
-90416796.000000
-252852519.000000
-570178536.000000
-836871901.000000
-745830826.000000
-492596498.000000
-315560423.000000
-278253350.000000
-630170882.000000
130002953.000000
11555762.000000
-639064779.000000
272828446.000000
-1092001292.000000
-334461568.000000
-818671054.000000
-333407470.000000
24767558.000000
-476475532.000000
-140390311.000000
-538090064.000000
1109818403.000000
-143146004.000000
-99602883.000000
-201838114.000000
425267006.000000
575276299.000000
-1029869069.000000
-1453649740.000000
158382425.000000
-620898372.000000
129950340.000000
-708587457.000000
940076226.000000
1458286691.000000
-144955537.000000
-383551409.000000
539819494.000000
-299988865.000000
-736062748.000000
-25939624.000000
832199494.000000
655893773.000000
-822280214.000000
-1140880114.000000
174535993.000000
-170637656.000000
1067610620.000000
-168404744.000000
-258264773.000000
-1327996072.000000
-322593416.000000
-541866096.000000
-390423779.000000
35567425.000000
-470832929.000000
879395711.000000
-118715815.000000
-115976603.000000
160953709.000000
-175538921.000000
-1066211896.000000
475637785.000000
